layout_spectrum: 0.4053851
typography_spectrum: 0.7696025
color:
  saturation: 0.02672244
  brandStrength: 0.3961169
  lightness: 0.4473684
  rhythmicContrast: 0.401114
name: Krav Maga
